   0.0000000000000000         0.10000000149011612         0.10000000149011612          7.6923076455579157E-015     7.6923076455579157E-015     1.0769231101641288E-008     1.0769231101641288E-008
   10.000000000000000          8.0847193865813072E-002     8.1172061457602612E-002     3.8025302756048144E-014     3.7510799289007773E-014     1.0769231101641288E-008     1.0769231101641288E-008
   20.000000000000000          6.5362840129253461E-002     6.5889080969159131E-002     6.2548434580552932E-014     6.1715009903376154E-014     1.0769231101641288E-008     1.0769231101641288E-008
   30.000000000000000          5.2844298965885377E-002     5.3483612432504768E-002     8.2374501617172723E-014     8.1362000453298812E-014     1.0769231101641288E-008     1.0769231101641288E-008
   40.000000000000000          4.2723510231323675E-002     4.3413874421524890E-002     9.8403161290557598E-014     9.7309809837310540E-014     1.0769231101641288E-008     1.0769231101641288E-008
   50.000000000000000          3.4541217800208440E-002     3.5240091876873034E-002     1.1136175415976631E-013     1.1025492577044957E-013     1.0769231101641288E-008     1.0769231101641288E-008
   60.000000000000000          2.7926129669808390E-002     2.8605290698726003E-002     1.2183830881696835E-013     1.2076270108441813E-013     1.0769231101641288E-008     1.0769231101641288E-008
   70.000000000000000          2.2578069655899147E-002     2.3219708159856089E-002     1.3030822515689299E-013     1.2929204352193828E-013     1.0769231101641288E-008     1.0769231101641288E-008
   80.000000000000000          1.8254356146938652E-002     1.8848138428658269E-002     1.3715584683717559E-013     1.3621545709099434E-013     1.0769231101641288E-008     1.0769231101641288E-008
   90.000000000000000          1.4758789818410771E-002     1.5299660613501347E-002     1.4269190183399430E-013     1.4183531013362696E-013     1.0769231101641288E-008     1.0769231101641288E-008
   100.00000000000000          1.1932750597307170E-002     1.2419300778856883E-002     1.4716760250187006E-013     1.4639704049346215E-013     1.0769231101641288E-008     1.0769231101641288E-008
   110.00000000000000          9.6479998792227198E-003     1.0081263821641546E-002     1.5078604496314167E-013     1.5009987443867391E-013     1.0769231101641288E-008     1.0769231101641288E-008
   120.00000000000000          7.8008613806462984E-003     8.1834396401561389E-003     1.5371142510295059E-013     1.5310552744153206E-013     1.0769231101641288E-008     1.0769231101641288E-008
   130.00000000000000          6.3075165680517150E-003     6.6429436826530488E-003     1.5607648936857967E-013     1.5554526677341050E-013     1.0769231101641288E-008     1.0769231101641288E-008
   140.00000000000000          5.1002011821064510E-003     5.3924971235473256E-003     1.5798855847181800E-013     1.5752564435103633E-013     1.0769231101641288E-008     1.0769231101641288E-008
   150.00000000000000          4.1241302647624057E-003     4.3774885807463691E-003     1.5953439733492650E-013     1.5913315020134568E-013     1.0769231101641288E-008     1.0769231101641288E-008
   160.00000000000000          3.3350121546350205E-003     3.5535890608846981E-003     1.6078415226619414E-013     1.6043798975923740E-013     1.0769231101641288E-008     1.0769231101641288E-008
   170.00000000000000          2.6970386419875501E-003     2.8848159634224219E-003     1.6179453402428181E-013     1.6149714997451345E-013     1.0769231101641288E-008     1.0769231101641288E-008
   180.00000000000000          2.1812600815714817E-003     2.3419615995719221E-003     1.6261139121086702E-013     1.6235688812346297E-013     1.0769231101641288E-008     1.0769231101641288E-008
   190.00000000000000          1.7642717300004158E-003     1.9013175932804940E-003     1.6327179076572324E-013     1.6305475202130028E-013     1.0769231101641288E-008     1.0769231101641288E-008
   200.00000000000000          1.4271516969271327E-003     1.5436394549896530E-003     1.6380569997190588E-013     1.6362121986426404E-013     1.0769231101641288E-008     1.0769231101641288E-008
   210.00000000000000          1.1546023168997560E-003     1.2533061063732033E-003     1.6423734629624150E-013     1.6408103132077939E-013     1.0769231101641288E-008     1.0769231101641288E-008
   220.00000000000000          9.3425597949547837E-004     1.0176376555139138E-003     1.6458631677128649E-013     1.6445426799565910E-013     1.0769231101641288E-008     1.0769231101641288E-008
   230.00000000000000          7.5611391803636577E-004     8.2634162031132148E-004     1.6486844680596376E-013     1.6475723046618247E-013     1.0769231101641288E-008     1.0769231101641288E-008
   240.00000000000000          6.1209249052029328E-004     6.7106342028033685E-004     1.6509653875688523E-013     1.6500315018453944E-013     1.0769231101641288E-008     1.0769231101641288E-008
   250.00000000000000          4.9565636412839012E-004     5.4502150131518806E-004     1.6528094286733265E-013     1.6520276734397900E-013     1.0769231101641288E-008     1.0769231101641288E-008
   260.00000000000000          4.0152195813773875E-004     4.4271116213757554E-004     1.6543002693545748E-013     1.6536479993960762E-013     1.0769231101641288E-008     1.0769231101641288E-008
   270.00000000000000          3.2541768821907693E-004     3.5966414442761125E-004     1.6555055602407009E-013     1.6549632451421981E-013     1.0769231101641288E-008     1.0769231101641288E-008
   280.00000000000000          2.6389013260431346E-004     2.9225348785298991E-004     1.6564799944230060E-013     1.6560308521646766E-013     1.0769231101641288E-008     1.0769231101641288E-008
   290.00000000000000          2.1414732442845386E-004     2.3753512818767064E-004     1.6572677892919242E-013     1.6568974466766670E-013     1.0769231101641288E-008     1.0769231101641288E-008
   300.00000000000000          1.7393205924365234E-004     1.9311931819335343E-004     1.6579046930118099E-013     1.6576008759721000E-013     1.0769231101641288E-008     1.0769231101641288E-008
   310.00000000000000          1.4141946871667070E-004     1.5706626071439685E-004     1.6584196066833871E-013     1.6581718613222254E-013     1.0769231101641288E-008     1.0769231101641288E-008
   320.00000000000000          1.1513421265985689E-004     1.2780138981981955E-004     1.6588358958035462E-013     1.6586353396988891E-013     1.0769231101641288E-008     1.0769231101641288E-008
   330.00000000000000          9.3883531776742048E-005     1.0404660352022383E-004     1.6591724505332581E-013     1.6590115528669495E-013     1.0769231101641288E-008     1.0769231101641288E-008
   340.00000000000000          7.6703123222992601E-005     8.4764445509774651E-005     1.6594445428859197E-013     1.6593169313982765E-013     1.0769231101641288E-008     1.0769231101641288E-008
   350.00000000000000          6.2813382950798361E-005     6.9112794581555661E-005     1.6596645197331927E-013     1.6595648122719169E-013     1.0769231101641288E-008     1.0769231101641288E-008
   360.00000000000000          5.1584029223531390E-005     5.6408087288478338E-005     1.6598423630752159E-013     1.6597660213301564E-013     1.0769231101641288E-008     1.0769231101641288E-008
   370.00000000000000          4.2505502004090248E-005     4.6095463539324043E-005     1.6599861429988486E-013     1.6599293460935433E-013     1.0769231101641288E-008     1.0769231101641288E-008
   380.00000000000000          3.5165840392576146E-005     3.7724533884976911E-005     1.6601023838780671E-013     1.6600619195431690E-013     1.0769231101641288E-008     1.0769231101641288E-008
   390.00000000000000          2.9231988869151415E-005     3.0929709990965184E-005     1.6601963604337642E-013     1.6601695316341103E-013     1.0769231101641288E-008     1.0769231101641288E-008
   400.00000000000000          2.4434684066050760E-005     2.5414237462390084E-005     1.6602723370874176E-013     1.6602568821733721E-013     1.0769231101641288E-008     1.0769231101641288E-008
   410.00000000000000          2.0556236268191146E-005     2.0937236005730844E-005     1.6603337614698874E-013     1.6603277860695465E-013     1.0769231101641288E-008     1.0769231101641288E-008
   420.00000000000000          1.7420651197382251E-005     1.7303178882774797E-005     1.6603834208662993E-013     1.6603853399505147E-013     1.0769231101641288E-008     1.0769231101641288E-008
   430.00000000000000          1.4885643831367079E-005     1.4353353804457597E-005     1.6604235686960830E-013     1.6604320574003760E-013     1.0769231101641288E-008     1.0769231101641288E-008
   440.00000000000000          1.2836181864738486E-005     1.1958931416526390E-005     1.6604560267675222E-013     1.6604699787363499E-013     1.0769231101641288E-008     1.0769231101641288E-008
   450.00000000000000          1.1179265830107919E-005     1.0015338650919041E-005     1.6604822679468640E-013     1.6605007601200477E-013     1.0769231101641288E-008     1.0769231101641288E-008
   460.00000000000000          9.8397090144564109E-006     8.4376918220051575E-006     1.6605034829933139E-013     1.6605257458851943E-013     1.0769231101641288E-008     1.0769231101641288E-008
   470.00000000000000          8.7567256738078270E-006     7.1570894985116251E-006     1.6605206345927143E-013     1.6605460272487515E-013     1.0769231101641288E-008     1.0769231101641288E-008
   480.00000000000000          7.8811727279240552E-006     6.1176030103286041E-006     1.6605345010418258E-013     1.6605624899733563E-013     1.0769231101641288E-008     1.0769231101641288E-008
   490.00000000000000          7.1733197700136829E-006     5.2738343916581981E-006     1.6605457115654903E-013     1.6605758530430609E-013     1.0769231101641288E-008     1.0769231101641288E-008
   500.00000000000000          6.6010462000621848E-006     4.5889335531497091E-006     1.6605547748692835E-013     1.6605867000661002E-013     1.0769231101641288E-008     1.0769231101641288E-008
   510.00000000000000          6.1383836721950594E-006     4.0329878343607783E-006     1.6605621022233043E-013     1.6605955047801277E-013     1.0769231101641288E-008     1.0769231101641288E-008
   520.00000000000000          5.7643377159742612E-006     3.5817175092069672E-006     1.6605680261245849E-013     1.6606026517119730E-013     1.0769231101641288E-008     1.0769231101641288E-008
   530.00000000000000          5.4619350597442044E-006     3.2154138278614063E-006     1.6605728153849756E-013     1.6606084529962570E-013     1.0769231101641288E-008     1.0769231101641288E-008
   540.00000000000000          5.2174534259392574E-006     2.9180788525994960E-006     1.6605766873291566E-013     1.6606131619981232E-013     1.0769231101641288E-008     1.0769231101641288E-008
   550.00000000000000          5.0197988483866585E-006     2.6767270879889845E-006     1.6605798176562877E-013     1.6606169843735735E-013     1.0769231101641288E-008     1.0769231101641288E-008
   560.00000000000000          4.8600022558186238E-006     2.4808179669638648E-006     1.6605823484127992E-013     1.6606200870573922E-013     1.0769231101641288E-008     1.0769231101641288E-008
   570.00000000000000          4.7308124778102733E-006     2.3217951972698137E-006     1.6605843944381035E-013     1.6606226055586837E-013     1.0769231101641288E-008     1.0769231101641288E-008
   580.00000000000000          4.6263672047689174E-006     2.1927136878433056E-006     1.6605860485757205E-013     1.6606246498693750E-013     1.0769231101641288E-008     1.0769231101641288E-008
   590.00000000000000          4.5419269709604929E-006     2.0879361697462548E-006     1.6605873858862861E-013     1.6606263092689389E-013     1.0769231101641288E-008     1.0769231101641288E-008
   600.00000000000000          4.4736600893870394E-006     2.0028864501414178E-006     1.6605884670536145E-013     1.6606276562322019E-013     1.0769231101641288E-008     1.0769231101641288E-008
   610.00000000000000          4.4184687793968600E-006     1.9338501602779694E-006     1.6605893411383798E-013     1.6606287495849685E-013     1.0769231101641288E-008     1.0769231101641288E-008
   620.00000000000000          4.3738485971324255E-006     1.8778122599789843E-006     1.6605900478043668E-013     1.6606296370775248E-013     1.0769231101641288E-008     1.0769231101641288E-008
   630.00000000000000          4.3377747901206764E-006     1.8323253703095242E-006     1.6605906191183138E-013     1.6606303574698983E-013     1.0769231101641288E-008     1.0769231101641288E-008
   640.00000000000000          4.3086104190607631E-006     1.7954028758128155E-006     1.6605910810050210E-013     1.6606309422248380E-013     1.0769231101641288E-008     1.0769231101641288E-008
   650.00000000000000          4.2850320776053328E-006     1.7654322225267999E-006     1.6605914544237542E-013     1.6606314168809460E-013     1.0769231101641288E-008     1.0769231101641288E-008
   660.00000000000000          4.2659698394844849E-006     1.7411044680977106E-006     1.6605917563193232E-013     1.6606318021684187E-013     1.0769231101641288E-008     1.0769231101641288E-008
   670.00000000000000          4.2505587079228016E-006     1.7213572595434212E-006     1.6605920003909955E-013     1.6606321149121249E-013     1.0769231101641288E-008     1.0769231101641288E-008
   680.00000000000000          4.2380993642452211E-006     1.7053281759851434E-006     1.6605921977141337E-013     1.6606323687705351E-013     1.0769231101641288E-008     1.0769231101641288E-008
   690.00000000000000          4.2280264345414734E-006     1.6923170836191342E-006     1.6605923572427697E-013     1.6606325748319246E-013     1.0769231101641288E-008     1.0769231101641288E-008
   700.00000000000000          4.2198828344095313E-006     1.6817557315065149E-006     1.6605924862159146E-013     1.6606327420958891E-013     1.0769231101641288E-008     1.0769231101641288E-008
   710.00000000000000          4.2132990276066017E-006     1.6731828980613514E-006     1.6605925904860473E-013     1.6606328778669622E-013     1.0769231101641288E-008     1.0769231101641288E-008
   720.00000000000000          4.2079762574170044E-006     1.6662241221357903E-006     1.6605926747846866E-013     1.6606329880756221E-013     1.0769231101641288E-008     1.0769231101641288E-008
   730.00000000000000          4.2036729898182874E-006     1.6605755802836804E-006     1.6605927429370942E-013     1.6606330775336289E-013     1.0769231101641288E-008     1.0769231101641288E-008
   740.00000000000000          4.2001939532702946E-006     1.6559905699566264E-006     1.6605927980358560E-013     1.6606331501481003E-013     1.0769231101641288E-008     1.0769231101641288E-008
   750.00000000000000          4.1973812777801923E-006     1.6522688418620682E-006     1.6605928425812163E-013     1.6606332090904588E-013     1.0769231101641288E-008     1.0769231101641288E-008
   760.00000000000000          4.1951073311563228E-006     1.6492478979913259E-006     1.6605928785945326E-013     1.6606332569342424E-013     1.0769231101641288E-008     1.0769231101641288E-008
   770.00000000000000          4.1932689273779975E-006     1.6467957380901909E-006     1.6605929077099992E-013     1.6606332957699879E-013     1.0769231101641288E-008     1.0769231101641288E-008
   780.00000000000000          4.1917826442714889E-006     1.6448053130685119E-006     1.6605929312488029E-013     1.6606333272930716E-013     1.0769231101641288E-008     1.0769231101641288E-008
   790.00000000000000          4.1905810380200562E-006     1.6431896254871866E-006     1.6605929502790764E-013     1.6606333528813023E-013     1.0769231101641288E-008     1.0769231101641288E-008
   800.00000000000000          4.1896095827319219E-006     1.6418781183176913E-006     1.6605929656643656E-013     1.6606333736521170E-013     1.0769231101641288E-008     1.0769231101641288E-008
   810.00000000000000          4.1888241961914317E-006     1.6408135842902326E-006     1.6605929781028167E-013     1.6606333905115291E-013     1.0769231101641288E-008     1.0769231101641288E-008
   820.00000000000000          4.1881892395181635E-006     1.6399494551843721E-006     1.6605929881588555E-013     1.6606334041970556E-013     1.0769231101641288E-008     1.0769231101641288E-008
   830.00000000000000          4.1876758999635064E-006     1.6392479821204768E-006     1.6605929962888000E-013     1.6606334153065386E-013     1.0769231101641288E-008     1.0769231101641288E-008
   840.00000000000000          4.1872608834600687E-006     1.6386786622622081E-006     1.6605930028615666E-013     1.6606334243230637E-013     1.0769231101641288E-008     1.0769231101641288E-008
   850.00000000000000          4.1869253575950458E-006     1.6382165078804250E-006     1.6605930081754114E-013     1.6606334316423701E-013     1.0769231101641288E-008     1.0769231101641288E-008
   860.00000000000000          4.1866540970423541E-006     1.6378413279058548E-006     1.6605930124714628E-013     1.6606334375842315E-013     1.0769231101641288E-008     1.0769231101641288E-008
   870.00000000000000          4.1864347926753363E-006     1.6375368112886246E-006     1.6605930159446656E-013     1.6606334424069717E-013     1.0769231101641288E-008     1.0769231101641288E-008
   880.00000000000000          4.1862574930093300E-006     1.6372896448800364E-006     1.6605930187526245E-013     1.6606334463214366E-013     1.0769231101641288E-008     1.0769231101641288E-008
   890.00000000000000          4.1861141526281352E-006     1.6370890283688936E-006     1.6605930210227582E-013     1.6606334494986732E-013     1.0769231101641288E-008     1.0769231101641288E-008
   900.00000000000000          4.1859982671031152E-006     1.6369262185053551E-006     1.6605930228580793E-013     1.6606334520771530E-013     1.0769231101641288E-008     1.0769231101641288E-008
   910.00000000000000          4.1859045778384627E-006     1.6367940626691003E-006     1.6605930243418701E-013     1.6606334541701532E-013     1.0769231101641288E-008     1.0769231101641288E-008
   920.00000000000000          4.1858288334492499E-006     1.6366867876357206E-006     1.6605930255414612E-013     1.6606334558691067E-013     1.0769231101641288E-008     1.0769231101641288E-008
   930.00000000000000          4.1857675968441983E-006     1.6365997111957525E-006     1.6605930265112876E-013     1.6606334572481681E-013     1.0769231101641288E-008     1.0769231101641288E-008
   940.00000000000000          4.1857180892590526E-006     1.6365290255393335E-006     1.6605930272953573E-013     1.6606334583676430E-013     1.0769231101641288E-008     1.0769231101641288E-008
   950.00000000000000          4.1856780641631975E-006     1.6364716472893614E-006     1.6605930279292490E-013     1.6606334592763625E-013     1.0769231101641288E-008     1.0769231101641288E-008
   960.00000000000000          4.1856457053177114E-006     1.6364250675894281E-006     1.6605930284417279E-013     1.6606334600140618E-013     1.0769231101641288E-008     1.0769231101641288E-008
   970.00000000000000          4.1856195443589708E-006     1.6363872577590330E-006     1.6605930288560485E-013     1.6606334606128699E-013     1.0769231101641288E-008     1.0769231101641288E-008
   980.00000000000000          4.1855983941679820E-006     1.6363565551643110E-006     1.6605930291910117E-013     1.6606334610991179E-013     1.0769231101641288E-008     1.0769231101641288E-008
   990.00000000000000          4.1855812950018811E-006     1.6363316619296490E-006     1.6605930294618174E-013     1.6606334614933611E-013     1.0769231101641288E-008     1.0769231101641288E-008
   1000.0000000000000          4.1855674709432001E-006     1.6363115083107871E-006     1.6605930296807540E-013     1.6606334618125410E-013     1.0769231101641288E-008     1.0769231101641288E-008
